2768348742698328971571416120031038654798801217909751223553160504102848497003363784389175251189038040565399833
11461185456080880641217270286991377253273803895868365421625577162319882417951293401777086893
88490285227995601320875804227190590868768823450952212498021462450736324165059242797010168996927437
62234400057179834073764756529023498689357935196044566744972202600707808294300992348760544544957369787299518377725681
7190030110965397554408933948222743725956004170910563678832154980319357802418524819425863
177196840303307364828593337140952531662652598343381045015297852909709159841627826278980985689850588084444345550329
39889365613923134335085811446077589385610537659017275152660994973116339778872399250856187
15707622860693964044392693087769201595240052688497872343541924539743497036221797934561489341085851159533563919
937769434446732847666161453908258603359092186756017190706308183421913305277946668785723223
11160518977979779894341080844877934363522693684245179428520597934087939139638803614546953759
43210995884060519082628853820364484772580444457126409626449431731583768899183217523
60187892831614084868764278583193543002178439585699575066607958392537063002467912232311929184714813
11526683426650306105036546872334950579489640561702380977299
1889515665729633424349314955189148327736594531313496202253482659632331900084914102156769299881
6699763944210274879304418762437680700247305163684340394348206855952489040896946655239733208261826767068519
17782614216599441014451107923990456517057329318551804694259525367690709493313380803999767611
3176563903856795961397872419642727443242915889381284704134747122599715275659117130886384763225385764941320761
7411691334754311229336235330877067259626098181069061389390934563764739591441662786220109674541214598559767
143394892728371396976029907609355652454893543274280137072238874683
43610759690547411479476534058633737486128620008438317948346625738857559813476003681134653
