15066951273593935653640032001588395050103476672072041814832850864304510087973382003087
343471929221101680381283483144715119190312527205177999475601753496453709136954359725572193161076790309811404024765802416032940713
913052281038296920171718110586284537681676483890306671770527194585333324882993561785701917119827937875286358780684563
206328204179328631424266261391331340300149259072465764693834909170041348805774885232726727183010329820545442311717177636163
2716889476415514818276338965863810852477416414850677031629475314083705677466395686674166033624308797
4290166987095826083123970837605397836823423118075483816545117681465166491513668020805883337862724634332514809745497
1762290276988659220180516187908683263943096110379971688832321867080582342437845485181
411511006549922415676302039356603179702104168266630168913931023973359919851627837950983612222328817401498696669
52380464372706667252297687751010876654072999315850256056663911869028210576927685115492080246495794262545626149741712147987
505616258525739834873915326386496407816457843979732732571134433487494908031838322529321134641045251561395418810097066557
56415835262086051830537875446477364151293155628543850452798560711525667204167656091497219100493153433567423373380647
44438820552856372101452960472582204351825733563806815081789651823179826225393224299424169111659285684739357591
261776876299341781531738534434729197988823789763843957590130499974724284465192636318391764067387287
3968214761840321672335139498608575923724149140440026580517686188788547936728302742710435526177337798020695784924264901623
4604033723985234883018421351397479582363889041358202010951799577876629746478988428354668787468419094403728677
953723515061404105411028772729311524733614343555862156977759064390465920405691065537763274167739664632437486419021940309427334509
2626876191980626749626225032415099504455735671627211662310763240936690587234325550654523182310853379030494478831573811007557694514877
736184116783508380578222748961931481991194508119660470458464094064816478262458728949591842647287786559
16918733607867420743754261641173072620138790818792747747588956000233359507834338090855373418354078322572383090541617445037191
243150976863598803669304175694304133498956651614249458851094492782269994910749378449163847388721
29671358498953529158477410660245305271462726230078874539196271275699876729892287338910337172249268493738638603674962641501
21115391097574856767550141256502306840700588707381649485931003103981532749034830869014533468908980700851
148606440812394440460968109055811846025925316275808195944266525472593977035287655329585149329
40900092735570239331496034871328720025134457696390600667016875844822509813496184157213616738977560289146803
8337909679191894960654147376699650558416789269143233235319596849647386422686550587866165930243943053041029
1795299279433455462789797308624772885115738598987122713162603325179178450928103523206077809271541517693569
655175307838149948633409614997077773158361306729702335036497254849
115315576266230467634792497316392832556859898546458786444216436577034150242508882776270154546431606031514518837268601636437
9223611411600542019830686747872555263537534584197602132448826675746208563934751144155811078449049546776761309929167575223
56752646957488178028442658940781154075886624970213410941387076558597080517615944619205141
150134697992156307098935704949426259671145227377003950913566763997224067185770400502514509152895209422144434382246683
125571222847275137510525296999694748697422847853212576680402894214210388913707170549172208637901859813596257
8990015254517615170139935544172090137566646146631766571086839898817620732344769503754247098033734292519011722543073265196061
2343441313889676582145713906680138025929493305953177360739801969594177556758651409197555161527110223130585833235013
718256925812009554356707333206584899732477584248218295852866537917133620651996307497273001715433782328056429711534758947231
10328166097157801170940127459444705682754184698747872643736010384795088294822340651993123827062930400108722851684195787857073
